code_len
1000
num_taps
10
mu
0.1
codes
1,0,1,0,0,0,0,0,0,1,1,1,1,0,1,1,0,0,0,1,0,1,0,1,1,1,0,1,0,0,0,1,1,1,0,0,1,1,0,1,1,0,0,0,0,0,0,0,1,0,1,1,1,1,1,0,0,1,0,0,1,0,0,0,1,0,1,0,0,0,1,0,1,1,0,1,0,0,1,1,1,0,1,0,0,1,0,1,0,1,0,1,0,1,0,0,1,0,1,1,0,0,1,1,1,0,1,1,0,0,1,0,0,0,0,1,1,1,1,1,0,1,1,0,0,1,0,0,0,0,1,0,1,1,0,0,1,1,0,0,1,0,1,1,0,0,1,1,1,0,0,1,0,0,1,1,0,0,1,0,0,1,0,0,1,0,0,0,1,1,1,0,1,0,1,1,1,0,0,1,1,1,1,1,0,1,0,0,1,1,1,1,1,1,1,1,1,1,0,1,1,0,1,1,1,0,0,1,0,1,1,1,1,1,1,1,1,1,0,1,1,0,0,0,1,1,1,1,1,0,0,1,1,1,1,0,0,1,1,1,1,1,0,0,1,0,1,1,1,0,1,1,1,0,0,1,0,1,1,1,1,1,1,1,1,0,0,1,0,0,0,0,0,0,0,0,1,0,1,1,0,0,0,0,1,1,0,1,1,0,1,1,1,1,0,0,1,1,1,0,0,1,1,1,1,0,1,0,0,1,0,0,1,0,0,0,0,1,1,1,0,0,1,0,0,0,0,1,1,1,1,1,1,0,1,0,1,0,1,1,1,0,1,0,0,0,1,1,0,1,1,1,0,1,1,1,1,0,1,1,0,1,1,0,1,0,1,0,0,0,0,0,1,1,1,0,1,1,0,1,1,0,1,0,1,1,0,1,1,0,1,1,1,1,0,0,0,1,0,0,0,0,1,0,0,0,1,0,0,0,1,1,0,1,1,0,1,0,1,0,1,0,1,1,1,1,1,0,0,1,1,1,1,1,1,1,0,0,1,0,0,1,0,1,1,0,1,0,0,0,1,1,1,0,0,1,0,1,1,0,1,1,0,1,0,0,1,0,0,0,0,0,0,0,1,1,1,0,1,0,1,1,0,0,1,0,0,1,0,0,1,0,0,0,0,1,1,1,1,1,1,0,1,0,0,1,0,1,0,0,1,0,0,1,0,1,1,1,1,1,0,0,0,0,1,0,0,0,0,1,1,0,0,1,0,0,0,1,1,0,0,1,0,0,0,0,1,1,0,0,1,0,0,0,0,1,1,1,1,1,1,1,0,1,0,1,1,1,0,0,0,0,1,0,0,0,0,1,0,0,0,1,1,1,1,1,1,0,0,0,1,1,0,0,1,0,1,1,0,0,1,0,0,1,1,0,0,1,0,0,1,1,0,0,0,0,1,0,1,1,0,0,1,0,1,1,1,1,0,0,0,1,1,0,0,0,1,1,0,1,1,1,1,0,0,0,1,1,1,1,0,1,1,1,0,1,1,1,0,1,0,0,0,0,0,1,0,0,1,0,1,1,0,0,0,0,1,1,1,1,0,1,1,1,0,0,1,1,1,1,1,1,1,1,1,0,1,1,1,0,0,1,0,1,1,1,0,0,0,1,0,1,1,1,1,1,1,0,1,1,0,0,0,1,0,0,0,0,1,1,1,0,0,0,0,0,1,0,1,0,1,0,0,0,1,0,0,1,1,1,1,0,0,1,0,1,0,1,1,0,1,1,0,1,0,1,0,0,1,0,1,0,1,0,0,0,0,1,1,1,1,1,0,1,1,0,0,1,0,0,1,0,1,1,0,0,1,0,0,1,0,1,0,1,1,0,1,0,1,1,0,1,0,1,1,0,0,0,1,0,0,0,1,1,0,1,1,1,0,1,0,0,1,1,0,1,1,0,0,1,1,0,1,0,1,1,1,1,0,0,0,1,0,1,1,1,1,0,0,1,0,1,0,1,1,0,0,0,0,1,1,1,1,0,1,0,0,1,0,0,1,0,1,0,0,0,1,0,0,0,0,1,0,0,1,0,0,0,0,1,0,0,0,1,0,1,0,0,1,0,1,0,0,1,0,0,1,1,1,0,0,1,0,1,1,1,0,1,0,1,1,0,1,1,1,1,1,0,0,0,0,1,0,0,0,0,0,0,0,1,0,1,0,1,0,0,0,0,0,1,1,0,0,1,1,0,0,1,0,0,0,0,1,0,0,0,1,1,1,0,1,1,0,1,1,1,0,1,0,1,1,0,1,0,0,1,0,1,0,0
weights
0.02643512291117289,-0.011908804001170899,-0.011537917482315757,-0.06579030517351873,-0.03816566156243572,-0.16844815444231884,-0.9947744430660446,2.2317614789871407,0.06539412118472912,-0.02735745418668319
